1 48.440205 -4.186971
2 47.884128 -3.298524
3 47.279865 -1.879214
4 47.278119 -1.885523
5 47.276139 -1.881918
6 47.275323 -1.879472
7 47.309740 -0.855616
8 47.207266 -0.113775
9 46.801912 -0.074063
10 46.217764 -0.515981
11 45.674069 -0.604790
12 45.258095 -0.676049
13 45.255558 -0.683774
14 45.255920 -0.689953
15 45.254745 -0.689767
16 45.252972 -0.689676
17 45.253974 -0.696581
18 45.067833 -0.437983
19 45.008657 -0.551769
20 44.618516 -0.610064
21 44.009293 -0.885482
22 43.420113 -1.426502
23 43.259210 -1.976056
24 45.179775 -0.248028
25 44.106313 0.820617
26 44.111551 0.839586
27 43.817964 1.266776
28 43.629399 1.666450
29 43.169903 0.510702
30 43.389131 -0.597331
31 43.392157 1.981993
32 43.241236 2.676066
33 42.727347 2.841879
34 41.957283 2.279436
35 43.632461 3.712259
36 44.016078 4.637680
37 43.886385 4.664269
38 43.882673 4.660664
39 43.831552 4.581185
40 43.450064 5.339190
41 43.362104 5.023809
42 43.358221 5.020895
43 43.282939 6.020967
44 43.596888 6.833834
45 43.804370 7.189675
46 43.696876 5.766122
47 43.701677 5.774206
48 43.691449 5.829924
49 44.329212 4.705300
50 44.638049 4.719098
51 44.631657 4.755026
52 44.634272 4.753189
53 44.636305 4.754618
54 44.634708 4.757884
55 44.637903 4.758088
56 45.020445 4.925687
57 45.403886 4.755756
58 45.406318 4.761963
59 45.674006 4.978900
60 45.663224 5.121223
61 45.472817 6.023281
62 45.383882 6.001190
63 45.664413 6.416547
64 45.645688 6.447817
65 45.496250 6.509274
66 45.206651 6.583554
67 45.201814 6.578404
68 45.209554 6.712987
69 45.127179 6.991089
70 45.218031 7.933495
71 45.087332 5.707262
72 45.147567 6.051043
73 45.546289 4.716454
74 45.820563 4.686614
75 45.836353 5.019354
76 45.795305 5.248004
77 45.797922 5.254644
78 45.788461 5.246849
79 45.789669 5.251468
80 45.791279 5.257820
81 45.793695 5.264460
82 45.756370 5.465720
83 45.865000 6.056120
84 46.018486 5.802601
85 46.086709 6.293965
86 46.190885 6.026247
87 46.251016 6.055378
88 46.259745 6.057806
89 46.878872 6.163674
90 47.369828 6.655852
91 47.646888 7.471935
92 47.518222 7.736838
93 47.535596 8.028787
94 47.905858 7.560296
95 47.905513 7.564759
96 48.103702 7.755038
97 48.083026 7.304762
98 48.356825 7.519390
99 48.613442 7.524253
100 49.137794 6.704033
101 49.154696 6.704610
102 48.862234 6.093241
103 48.869913 6.086546
104 49.196898 6.262659
105 49.289659 6.774120
106 49.391944 7.031959
107 49.411424 6.215044
108 49.413283 6.214738
109 49.414611 6.215657
110 49.413815 6.218515
111 49.414678 6.220352
112 49.485694 5.789312
113 49.824073 4.577256
114 49.907819 4.628245
115 49.927051 4.613482
116 50.091142 4.791823
117 50.300385 4.970407
118 49.973713 3.934789
119 50.297784 3.292555
120 50.297784 3.310236
121 50.527043 3.083094
122 50.784228 3.473417
123 50.642765 2.892974
124 50.950269 2.158539
125 51.013599 2.132447
126 50.925021 1.912849
127 50.901464 1.776721
128 48.357890 6.322521
129 48.515378 3.908559
130 48.516960 6.087184
131 48.611903 6.111947
132 48.817830 4.997159
133 49.201858 4.237132
134 49.454299 4.430440
135 48.518364 3.514242
136 48.519842 3.509435
137 48.781703 2.644082
138 48.906212 2.665112
139 48.974181 2.570248
140 49.033910 2.433009
141 48.988344 2.908066
142 48.997918 2.847469
143 49.360295 2.698890
144 49.654745 2.935357
145 50.179440 2.634346
146 50.336746 2.883553
147 49.219209 2.258412
148 49.940999 2.244983
149 50.500201 2.092953
150 46.630935 4.716603
151 46.747455 4.499873
152 47.325580 4.689683
153 47.897402 3.737860
154 48.092427 3.480286
155 48.375078 2.849728
156 48.382111 2.848371
157 48.381750 2.858960
158 48.549447 2.321298
159 48.680002 2.235781
160 46.087153 4.118097
161 46.273294 3.294644
162 46.988723 3.209081
163 47.502722 2.871686
164 47.512926 2.879925
165 48.092818 2.396623
166 45.811406 3.269609
167 47.099595 2.260305
168 47.737758 2.512436
169 47.735449 2.505484
170 47.733313 2.506943
171 47.731235 2.509947
172 47.731755 2.504540
173 47.729445 2.509947
174 44.728910 2.637387
175 44.735714 2.629724
176 44.756668 2.675318
177 44.766462 2.682981
178 45.250467 2.227364
179 46.462188 1.618614
180 47.713413 1.598901
181 47.721579 1.579481
182 47.872016 1.794321
183 48.116022 1.855958
184 45.914793 0.860324
185 46.326610 0.153482
186 46.437768 0.662374
187 46.433437 0.666967
188 46.442266 0.668417
189 46.437269 0.672526
190 46.434103 0.675427
191 47.224066 0.147290
192 47.218470 0.168576
193 47.231526 0.169262
194 47.353166 0.759932
195 47.480450 0.695205
196 47.576339 0.955585
197 47.647820 1.328166
198 47.884726 0.252878
199 47.871290 -0.305882
200 47.974890 -1.025984
201 48.091330 -1.552501
202 48.434033 -2.879489
203 48.642930 -1.345481
204 49.208246 -1.358680
205 49.475729 -1.566443
206 49.593123 -1.598431
207 49.534002 -1.881328
208 49.536539 -1.878339
209 49.535420 -1.884318
210 49.538628 -1.882478
211 49.157846 -1.180327
212 49.111227 -0.259508
213 49.340571 0.727909
214 49.477233 0.150112
215 49.460620 0.159850
216 49.024724 0.964084
217 48.932649 1.746703
218 48.969545 1.756172
219 48.803293 1.828209
220 49.049103 2.055402
221 49.284829 1.928967
222 49.656206 1.011348
223 49.478911 1.017278
224 49.855655 0.615308
225 49.856502 0.619009
226 49.854039 0.616740
227 49.854501 0.620203
228 49.973659 1.216992
229 49.979510 1.216992
230 50.006148 1.832048
231 47.681151 -1.441062